0,0.716488,0.238115,1.22709,0.737163,0.911112,1.05648,1.50106,0.375222,0.507176,0.110024,1.28518,0.49612,0.19115,0.533759,0.0892701,1.23295,0.456798,0.814045,0.198498,1.21001,1.33405,0.723927,0.424187,1.0419,0.713053,1.37953,0.263641,0.86931,0.583055,0.244932,1.01832,1.32806,1.17336,0.11734,0.382638,0.830423,0.550469,0.988748,1.1221,0.921287,0.470783,0.875168,0.243457,0.373693,0.195841,0.800284,0.151629,0.966989,0.19287,0.273352,0.60698,0.0371897,0.00794596,0.696132,0.0842376,0.022525,1.26562,0.277175,0.63765,1.05386,0.230906,1.04073,0.911542,0.566991,0.0329554,1.04136,0.243132,1.2298,0.724503,0.231025,0.976123,0.0548653,0.257414,1.27661,0.981754,0.534338,0.437739,0.529728,0.67024,0.13409,1.38716,0.442082,0.383498,0.632979,0.485904,0.384871,0.524182,0.321722,0.963155,0.20123,1.38584,1.1372,0.774803,0.736838,1.18685,1.01602,0.56886,0.12784,0.070939,
0.716488,0,0.284881,0.246631,0.0130619,0.845132,0.7691,0.307642,0.661799,0.0585026,0.370965,0.437326,0.0241406,0.304809,0.0210558,0.326361,0.174463,0.0837387,0.0120127,0.494335,0.418484,1.0358,0.295511,0.0682944,0.277535,0.27407,0.210635,0.186326,0.0552111,0.425521,0.178333,0.355009,0.377158,0.419182,0.464782,0.192645,0.10126,0.0129642,0.629793,0.17571,0.0281339,0.108202,0.0950924,0.412165,0.0640565,0.527406,0.0353626,0.246097,0.384224,0.254532,0.419264,0.283601,0.617526,0.585591,0.0124781,0.528875,0.504365,0.106712,0.479404,0.0566674,0.202994,0.570504,0.492706,0.858926,0.0119648,0.471053,0.0473469,0.277673,0.144784,0.0453209,0.149165,0.109334,0.617136,0.383744,0.12934,0.064572,0.0165012,0.116228,0.0176892,0.00482918,0.375399,0.177589,0.0539064,0.193863,0.0187752,0.143396,0.159134,0.21303,0.137708,0.0496202,0.514475,0.146409,0.84337,0.00172178,0.0865231,0.0939614,0.154307,0.0137182,0.452191,0.541985,
0.238115,0.284881,0,0.457174,0.366878,0.373928,0.419289,1.08683,0.112936,0.0962871,0.0257269,0.487742,0.183485,0.00279906,0.230597,0.0682124,0.486775,0.0679346,0.397572,0.446856,0.436627,0.655173,0.149915,0.0769299,0.325564,0.143211,0.602375,0.0129642,0.521941,0.108769,0.020714,0.312821,0.517144,0.413055,0.0321731,0.365396,0.574657,0.198952,0.344806,0.396602,0.47825,0.0595781,0.588561,0.432636,0.11302,0.0411575,0.246875,0.142567,0.285794,0.00797413,0.0197804,0.096583,0.111938,0.182197,0.217903,0.327007,0.131913,0.688818,0.0348502,0.142932,0.809816,0.0567174,0.343015,0.379095,0.185581,0.106772,0.435095,5.46204e-05,0.502879,0.19334,0.0888472,0.315741,0.340521,0.424071,0.75857,0.58142,0.176465,0.0487029,0.171594,0.295831,0.015978,0.859471,0.094429,0.367514,0.178971,0.398617,0.0260599,0.504084,0.234512,0.544408,0.0375005,0.723789,0.484593,0.328709,0.176507,0.516025,0.32655,0.17662,0.330074,0.0669143,
1.22709,0.246631,0.457174,0,0.350621,0.428659,0.305992,0.653883,0.59098,0.221239,0.670328,0.0406057,0.354223,0.521607,0.381051,0.7438,0.014724,0.244368,0.308398,1.24275,0.0437311,0.428649,0.129581,0.290338,0.0239391,0.125073,0.0324368,0.415846,0.446222,0.27075,0.446397,0.0566106,0.0164442,0.050457,0.701732,0.812288,0.584949,0.311644,0.226776,0.00636117,0.312166,0.223597,0.552631,1.14346,0.401206,0.645372,0.10469,0.758581,0.0841002,0.511309,0.489668,0.179472,0.9627,1.0918,0.173087,1.20427,0.973309,0.259857,0.527266,0.141366,0.715659,0.642437,0.120544,0.440372,0.27225,0.912809,0.115718,0.449196,0.0330787,0.114107,0.5556,0.0305973,1.28659,1.10545,0.359574,0.409933,0.297399,0.247663,0.295726,0.317677,0.629485,0.400313,0.291572,0.814883,0.18885,0.728178,0.287909,0.865479,0.667365,0.370712,0.629542,0.187471,0.335645,0.246359,0.0878278,0.0858005,0.0155737,0.257174,1.13433,0.831989,
0.737163,0.0130619,0.366878,0.350621,0,1.03485,0.956711,0.228164,0.80383,0.114321,0.432026,0.58001,0.0352594,0.379473,0.0206328,0.356682,0.253168,0.145187,0.00301401,0.428727,0.561748,1.24191,0.424525,0.115886,0.40085,0.399112,0.281635,0.248742,0.0165058,0.566799,0.231925,0.493988,0.505113,0.564175,0.543741,0.139285,0.0420036,0.0273784,0.804784,0.267125,0.0129934,0.181015,0.0386858,0.345532,0.0851734,0.632426,0.0891971,0.24364,0.528891,0.317333,0.528005,0.406404,0.677506,0.604274,0.0507924,0.493985,0.530232,0.0969188,0.594993,0.121578,0.117484,0.685532,0.652084,1.04943,0.0351939,0.502666,0.0797006,0.359286,0.210286,0.106392,0.166217,0.188405,0.588176,0.317889,0.0982108,0.0280906,0.0372397,0.187882,0.0396401,0.00436427,0.446544,0.139315,0.0953918,0.140077,0.0604119,0.0890931,0.237124,0.138323,0.113101,0.0210885,0.619543,0.156588,1.03703,0.0100403,0.165413,0.134541,0.246742,0.0413416,0.410076,0.61233,
0.911112,0.845132,0.373928,0.428659,1.03485,0,0.0174763,1.77791,0.13749,0.52645,0.523029,0.249166,0.818633,0.421702,0.905383,0.71287,0.576133,0.486203,1.02364,1.46367,0.221032,0.0558172,0.162711,0.568387,0.266091,0.179303,0.676076,0.476239,1.2575,0.0972613,0.529755,0.183013,0.336857,0.201195,0.437824,1.30311,1.40833,0.803731,0.0351115,0.464245,1.09621,0.420532,1.3963,1.44883,0.737884,0.300149,0.596663,0.92147,0.1437,0.484286,0.249784,0.174724,0.610093,0.875703,0.671421,1.23987,0.797869,1.16693,0.226838,0.492253,1.67878,0.255785,0.101006,8.95032e-05,0.746294,0.747645,0.803255,0.374896,0.654865,0.533724,0.767095,0.490849,1.22677,1.43553,1.32521,1.27096,0.757919,0.424247,0.748995,0.929881,0.460655,1.41793,0.608871,1.30671,0.636853,1.31354,0.385448,1.48979,1.06999,1.20621,0.295997,1.07162,0.0227135,0.891528,0.429716,0.797232,0.425173,0.717113,1.26958,0.516827,
1.05648,0.7691,0.419289,0.305992,0.956711,0.0174763,0,1.61477,0.215844,0.494293,0.601428,0.145236,0.782355,0.477509,0.8622,0.787584,0.441548,0.466108,0.932762,1.54242,0.126793,0.0313916,0.130574,0.551135,0.178828,0.145784,0.522366,0.50277,1.16307,0.107332,0.558023,0.111138,0.216869,0.113136,0.52892,1.30835,1.32649,0.75696,0.00846625,0.348394,0.989844,0.401906,1.30625,1.50831,0.727754,0.387901,0.512817,0.973622,0.0846174,0.532309,0.309277,0.160011,0.735964,1.00088,0.601103,1.34311,0.909108,1.01523,0.29451,0.438528,1.57416,0.344184,0.045711,0.0194978,0.696852,0.852497,0.680919,0.418384,0.516233,0.463965,0.792642,0.38923,1.34769,1.48865,1.17448,1.1594,0.714457,0.412198,0.706491,0.861865,0.53595,1.25577,0.586462,1.31198,0.577925,1.29466,0.38843,1.47416,1.07801,1.09573,0.381001,0.906267,0.00275741,0.806026,0.364251,0.657808,0.32375,0.667714,1.35444,0.626492,
1.50106,0.307642,1.08683,0.653883,0.228164,1.77791,1.61477,0,1.65806,0.612471,1.17858,0.975243,0.431954,1.10802,0.373257,1.0361,0.484657,0.683664,0.204417,0.868681,0.990126,1.85688,1.02641,0.635692,0.838999,0.993533,0.433559,0.896266,0.132319,1.28346,0.866905,0.991315,0.837167,1.01362,1.34286,0.471181,0.137156,0.404379,1.44275,0.579069,0.153329,0.742699,0.118437,0.748627,0.568001,1.46425,0.442703,0.806748,1.06778,1.00996,1.31423,1.04669,1.49641,1.33826,0.413911,1.06215,1.26018,0.102211,1.40488,0.579264,0.0663345,1.53079,1.20788,1.79633,0.424241,1.2352,0.274584,1.07484,0.408516,0.513131,0.720348,0.529366,1.19804,0.711532,0.0539875,0.0981784,0.436605,0.763653,0.444083,0.290723,1.2054,0.035553,0.590704,0.470813,0.461448,0.362658,0.858906,0.359583,0.529114,0.11529,1.44682,0.157635,1.68353,0.267076,0.613474,0.288057,0.606775,0.439729,0.928932,1.4264,
0.375222,0.661799,0.112936,0.59098,0.80383,0.13749,0.215844,1.65806,0,0.344076,0.158928,0.486825,0.544916,0.125204,0.622556,0.283863,0.698571,0.292954,0.830097,0.855673,0.434121,0.360351,0.180072,0.336475,0.394083,0.187337,0.832989,0.198111,1.01783,0.0689227,0.22753,0.323707,0.568644,0.403924,0.100428,0.831007,1.10545,0.558809,0.20107,0.570843,0.928275,0.252567,1.11699,0.866921,0.433096,0.0373464,0.52389,0.459586,0.272735,0.170932,0.0386549,0.136857,0.18256,0.356631,0.53061,0.647211,0.310178,1.12905,0.0229952,0.378014,1.39225,0.020876,0.273236,0.137456,0.525857,0.280258,0.775581,0.115992,0.753038,0.445891,0.388511,0.526122,0.62314,0.86438,1.24452,1.07697,0.51943,0.240343,0.511098,0.700646,0.125746,1.35763,0.373123,0.833891,0.4782,0.88518,0.188764,1.02439,0.641539,1.02359,0.037094,1.11469,0.253789,0.720196,0.377521,0.834944,0.496801,0.506173,0.689006,0.133665,
0.507176,0.0585026,0.0962871,0.221239,0.114321,0.52645,0.494293,0.612471,0.344076,0,0.176268,0.331394,0.0390926,0.115343,0.0618629,0.183068,0.201595,0.00254487,0.121959,0.494853,0.300182,0.742105,0.125585,0.00500788,0.180998,0.111764,0.272272,0.0494522,0.215284,0.187861,0.0529605,0.216711,0.312429,0.290968,0.228132,0.258993,0.278442,0.0351035,0.384432,0.161292,0.165808,0.0079209,0.277481,0.436434,0.0331356,0.254902,0.0404688,0.179316,0.222309,0.0921985,0.173633,0.102716,0.37008,0.402356,0.0254704,0.453545,0.325998,0.289786,0.21395,0.00947818,0.447859,0.282065,0.304278,0.536849,0.0236661,0.29116,0.130765,0.0918316,0.19683,0.022806,0.083073,0.0968552,0.512395,0.414147,0.344235,0.241389,0.0250403,0.010053,0.023244,0.0747666,0.16885,0.417164,0.00599575,0.260846,0.013316,0.239262,0.0257882,0.336847,0.156252,0.212841,0.245056,0.314984,0.562555,0.0786516,0.0317584,0.185027,0.121269,0.0186156,0.409157,0.297204,
0.110024,0.370965,0.0257269,0.670328,0.432026,0.523029,0.601428,1.17858,0.158928,0.176268,0,0.716449,0.228113,0.0116223,0.271942,0.019008,0.68948,0.14084,0.479039,0.309078,0.656139,0.860783,0.29465,0.134752,0.520388,0.285809,0.817434,0.0401687,0.580777,0.222213,0.0383879,0.506137,0.748866,0.627913,0.00961229,0.311716,0.602808,0.256974,0.524874,0.591789,0.569804,0.141062,0.627423,0.313155,0.14035,0.0449876,0.376782,0.0869398,0.471358,0.0140755,0.0550762,0.218403,0.0379617,0.0724491,0.320567,0.191872,0.0423805,0.83048,0.0680546,0.252506,0.837647,0.0687653,0.537855,0.526963,0.254053,0.0286738,0.584547,0.02731,0.697956,0.315554,0.0769724,0.485751,0.193005,0.311631,0.880449,0.659364,0.236762,0.122593,0.232004,0.361962,0.00225697,0.986517,0.152008,0.313435,0.273181,0.368202,0.0905414,0.452454,0.203392,0.628267,0.0441118,0.896765,0.674608,0.420078,0.310182,0.689863,0.508192,0.24893,0.206894,0.0182382,
1.28518,0.437326,0.487742,0.0406057,0.58001,0.249166,0.145236,0.975243,0.486825,0.331394,0.716449,0,0.536166,0.558871,0.582349,0.841511,0.103271,0.340749,0.534751,1.46823,0.00178079,0.215923,0.106366,0.408464,0.0240436,0.110245,0.133644,0.48991,0.71412,0.206558,0.534149,0.0219764,0.00765847,0.00437307,0.708801,1.06562,0.876491,0.492157,0.100649,0.0711793,0.549892,0.300113,0.842394,1.38293,0.558048,0.60784,0.23224,0.918838,0.0350498,0.573164,0.463581,0.162681,0.975543,1.17025,0.323095,1.37426,1.05201,0.492618,0.483121,0.243042,1.04242,0.585488,0.0379406,0.257919,0.440175,0.987542,0.283622,0.48148,0.145376,0.226451,0.701988,0.117097,1.43496,1.34798,0.622152,0.677607,0.46724,0.323608,0.463396,0.526448,0.660682,0.671731,0.42152,1.06873,0.330552,0.993354,0.346613,1.154,0.881902,0.627561,0.59383,0.389461,0.159185,0.446281,0.168282,0.240817,0.0775144,0.418283,1.32694,0.840263,
0.49612,0.0241406,0.183485,0.354223,0.0352594,0.818633,0.782355,0.431954,0.544916,0.0390926,0.228113,0.536166,0,0.189907,0.00306781,0.180549,0.289252,0.0515118,0.0505718,0.331229,0.504871,1.07068,0.298575,0.0293741,0.346496,0.277301,0.34871,0.100755,0.093992,0.383806,0.0886561,0.410864,0.490725,0.498342,0.313138,0.111257,0.122323,0.00192837,0.646892,0.269992,0.0851032,0.0772234,0.12654,0.26955,0.0111789,0.387096,0.0781587,0.118818,0.42652,0.14511,0.310463,0.263673,0.425058,0.38493,0.0348878,0.342839,0.319266,0.223129,0.364032,0.0653924,0.250614,0.432859,0.537055,0.830699,0.00585672,0.293695,0.133683,0.178244,0.260948,0.0725772,0.0547882,0.181415,0.413707,0.24808,0.241294,0.125139,0.00274257,0.0772474,0.00303009,0.0167184,0.238444,0.303934,0.0196286,0.112407,0.0280722,0.0896693,0.104461,0.153895,0.0564518,0.109835,0.377083,0.284826,0.863486,0.0366346,0.113396,0.204508,0.230317,0.0084621,0.284583,0.368676,
0.19115,0.304809,0.00279906,0.521607,0.379473,0.421702,0.477509,1.10802,0.125204,0.115343,0.0116223,0.558871,0.189907,0,0.235695,0.0456033,0.546961,0.0848975,0.415587,0.394005,0.504678,0.72259,0.192675,0.0886061,0.384525,0.185099,0.666601,0.0154257,0.532124,0.142092,0.0198412,0.371939,0.588701,0.479621,0.0198712,0.339037,0.574571,0.209778,0.401496,0.454594,0.49951,0.0796859,0.592013,0.385402,0.114155,0.0382944,0.282133,0.116842,0.342616,0.00382685,0.0268319,0.131665,0.0830687,0.140637,0.243828,0.275798,0.0967708,0.726922,0.0416137,0.171852,0.809521,0.0569327,0.403637,0.42654,0.200004,0.0753484,0.47636,0.00331538,0.560172,0.226271,0.0774296,0.364957,0.285757,0.379037,0.789858,0.597943,0.18818,0.0663358,0.183376,0.308971,0.00602851,0.892509,0.105839,0.341021,0.202224,0.379643,0.0409258,0.478045,0.215892,0.562966,0.0354936,0.772721,0.545832,0.350277,0.213729,0.565639,0.380039,0.192397,0.282303,0.0462169,
0.533759,0.0210558,0.230597,0.381051,0.0206328,0.905383,0.8622,0.373257,0.622556,0.0618629,0.271942,0.582349,0.00306781,0.235695,0,0.210729,0.303365,0.0787572,0.0354254,0.320824,0.553062,1.15654,0.351982,0.0512531,0.387757,0.328823,0.356064,0.136422,0.0654484,0.449603,0.120888,0.461341,0.527931,0.548364,0.36662,0.093784,0.0871353,0.00456987,0.720069,0.292837,0.0645565,0.109515,0.0911297,0.255495,0.0230428,0.450945,0.0909872,0.131222,0.481617,0.184583,0.371155,0.317547,0.476238,0.418459,0.0435501,0.349782,0.353585,0.196648,0.428947,0.0882248,0.199957,0.500986,0.598834,0.918091,0.0117856,0.329414,0.13051,0.224877,0.268787,0.0909607,0.0710312,0.201678,0.426097,0.233297,0.205834,0.0944865,0.00865759,0.11019,0.00962872,0.00927487,0.286011,0.263287,0.038026,0.0947542,0.0401524,0.0676401,0.142663,0.123576,0.0518596,0.0828004,0.440497,0.264345,0.945293,0.0298468,0.140038,0.201704,0.256203,0.0162676,0.285375,0.421588,
0.0892701,0.326361,0.0682124,0.7438,0.356682,0.71287,0.787584,1.0361,0.283863,0.183068,0.019008,0.841511,0.180549,0.0456033,0.210729,0,0.73088,0.154739,0.408967,0.180548,0.780962,1.07768,0.39639,0.131503,0.616688,0.382177,0.851433,0.0568119,0.47668,0.341217,0.0441712,0.623055,0.854994,0.754606,0.0525162,0.190923,0.475153,0.213366,0.691887,0.647762,0.493441,0.169262,0.503268,0.181493,0.105073,0.121128,0.382299,0.0270219,0.595544,0.0325685,0.133256,0.311733,0.061761,0.0459085,0.306339,0.100284,0.0223622,0.764571,0.156024,0.270875,0.68261,0.158201,0.682904,0.718101,0.221044,0.0147013,0.566118,0.0691751,0.722785,0.329539,0.0382591,0.524383,0.110659,0.180229,0.789716,0.558822,0.200708,0.14943,0.197403,0.301061,0.0335652,0.889162,0.14119,0.192169,0.262722,0.245581,0.125773,0.307519,0.115141,0.536718,0.119999,0.856458,0.870419,0.370192,0.346611,0.683333,0.564204,0.221227,0.104906,0.0526221,
1.23295,0.174463,0.486775,0.014724,0.253168,0.576133,0.441548,0.484657,0.698571,0.201595,0.68948,0.103271,0.289252,0.546961,0.303365,0.73088,0,0.233548,0.212203,1.14357,0.108318,0.589883,0.189003,0.266157,0.0657882,0.179623,0.00753292,0.419176,0.322014,0.355291,0.441266,0.119494,0.0594377,0.118023,0.744087,0.699308,0.445039,0.247302,0.3434,0.00787431,0.207366,0.224932,0.413567,1.03645,0.352719,0.714433,0.0716045,0.706469,0.156154,0.521824,0.552737,0.236083,0.999162,1.08702,0.126988,1.14111,0.969796,0.153546,0.600738,0.12599,0.549115,0.722811,0.211375,0.589478,0.215855,0.912387,0.0542614,0.477787,0.00370558,0.091294,0.513514,0.0208172,1.23588,0.996896,0.233584,0.284647,0.239989,0.249517,0.23973,0.234239,0.65791,0.266698,0.259911,0.701538,0.148548,0.607579,0.300498,0.728201,0.580906,0.252834,0.697632,0.0990389,0.479111,0.167692,0.0845841,0.0303746,0.0203278,0.205104,1.05771,0.872521,
0.456798,0.0837387,0.0679346,0.244368,0.145187,0.486203,0.466108,0.683664,0.292954,0.00254487,0.14084,0.340749,0.0515118,0.0848975,0.0787572,0.154739,0.233548,0,0.15627,0.483145,0.306245,0.712376,0.113956,0.00416666,0.188711,0.101372,0.311967,0.0311652,0.256342,0.159777,0.0357807,0.216267,0.329964,0.294657,0.184992,0.269672,0.319172,0.0503849,0.361849,0.184637,0.206388,0.00270585,0.320392,0.431398,0.034958,0.207853,0.0605216,0.164764,0.216517,0.0666404,0.135367,0.0865136,0.318834,0.359204,0.0440164,0.427871,0.2862,0.344251,0.171604,0.0174393,0.500967,0.232851,0.294308,0.495798,0.0381627,0.252429,0.167607,0.0641808,0.232661,0.0368146,0.0737522,0.117914,0.479636,0.41111,0.402391,0.287685,0.0380242,0.00287118,0.0356799,0.0999063,0.132534,0.480396,0.00803584,0.271595,0.0274558,0.258167,0.0123777,0.35845,0.160636,0.25729,0.198923,0.370134,0.53395,0.107917,0.040918,0.225906,0.139674,0.0322635,0.391033,0.249454,
0.814045,0.0120127,0.397572,0.308398,0.00301401,1.02364,0.932762,0.204417,0.830097,0.121959,0.479039,0.534751,0.0505718,0.415587,0.0354254,0.408967,0.212203,0.15627,0,0.498815,0.520676,1.20708,0.413859,0.131124,0.368896,0.389012,0.233716,0.277156,0.0171714,0.568968,0.262923,0.464013,0.457129,0.525296,0.590917,0.181637,0.0511437,0.0379027,0.781833,0.231352,0.00454296,0.190063,0.0439883,0.409237,0.108631,0.672062,0.0763161,0.294407,0.502586,0.353403,0.557044,0.404334,0.740237,0.675379,0.0469169,0.567541,0.595515,0.0674545,0.625064,0.118572,0.120747,0.722755,0.622659,1.03863,0.0428978,0.564734,0.0550008,0.389402,0.170743,0.0977236,0.203773,0.162017,0.666396,0.379282,0.072978,0.0211055,0.0478229,0.199736,0.0503595,0.00920291,0.490219,0.109987,0.109945,0.182503,0.06047,0.1225,0.253216,0.175949,0.151833,0.013232,0.65825,0.116912,1.00965,0.00599667,0.154327,0.100416,0.217063,0.0481684,0.478742,0.667585,
0.198498,0.494335,0.446856,1.24275,0.428727,1.46367,1.54242,0.868681,0.855673,0.494853,0.309078,1.46823,0.331229,0.394005,0.320824,0.180548,1.14357,0.483145,0.498815,0,1.4086,1.88811,0.964187,0.40929,1.17691,0.936838,1.23832,0.373007,0.456242,0.937777,0.328051,1.23323,1.43444,1.38715,0.400486,0.0873145,0.374206,0.379055,1.40971,1.10276,0.563432,0.537724,0.414924,0.0057503,0.284461,0.562124,0.699618,0.0966565,1.22219,0.341833,0.599805,0.853471,0.3245,0.159119,0.564924,0.0250242,0.169212,0.86029,0.642733,0.62092,0.485331,0.633507,1.35702,1.47061,0.419687,0.185761,0.812749,0.447202,1.08953,0.669698,0.190352,0.934363,0.0486121,0.0102317,0.805866,0.5499,0.388647,0.511756,0.389509,0.417416,0.361053,0.879212,0.3985,0.0869301,0.530599,0.146474,0.505732,0.129321,0.119103,0.557452,0.562453,1.02639,1.64416,0.522823,0.748982,0.961546,1.0208,0.435872,0.0112515,0.36088,
1.21001,0.418484,0.436627,0.0437311,0.561748,0.221032,0.126793,0.990126,0.434121,0.300182,0.656139,0.00178079,0.504871,0.504678,0.553062,0.780962,0.108318,0.306245,0.520676,1.4086,0,0.205865,0.0814424,0.372487,0.0166014,0.0852427,0.145598,0.442475,0.701701,0.170915,0.485841,0.0114538,0.0131313,0.000620048,0.646679,1.02351,0.860673,0.464085,0.0819513,0.0703406,0.541125,0.265837,0.829155,1.32776,0.519258,0.548572,0.217333,0.863388,0.0210848,0.520227,0.411208,0.131726,0.90515,1.09876,0.303045,1.30787,0.983393,0.500422,0.429503,0.218955,1.03586,0.527104,0.0253395,0.229469,0.413084,0.920362,0.281194,0.430811,0.150892,0.207282,0.653377,0.109981,1.36483,1.29428,0.629814,0.67101,0.438263,0.287347,0.434151,0.504896,0.601632,0.684068,0.386815,1.02664,0.306978,0.958019,0.306491,1.11882,0.838123,0.620402,0.535175,0.402885,0.143268,0.430491,0.148884,0.245103,0.0715215,0.391284,1.26476,0.773652,
1.33405,1.0358,0.655173,0.428649,1.24191,0.0558172,0.0313916,1.85688,0.360351,0.742105,0.860783,0.215923,1.07068,0.72259,1.15654,1.07768,0.589883,0.712376,1.20708,1.88811,0.205865,0,0.278787,0.813211,0.301587,0.299958,0.65981,0.759667,1.45314,0.249625,0.824645,0.217503,0.299966,0.194362,0.765753,1.64838,1.63388,1.03802,0.0674362,0.497144,1.25738,0.635585,1.60733,1.85657,1.01697,0.590776,0.734964,1.29058,0.189185,0.790774,0.509534,0.325823,0.984898,1.28914,0.848076,1.67222,1.19611,1.23834,0.484226,0.666059,1.8734,0.532099,0.122698,0.0561172,0.969089,1.13623,0.895982,0.65463,0.677991,0.686908,1.09294,0.567603,1.66818,1.83702,1.41239,1.43579,0.99164,0.649502,0.983042,1.14393,0.78428,1.48498,0.852879,1.65218,0.827945,1.62894,0.622526,1.81623,1.40451,1.36854,0.584274,1.09803,0.0155841,1.07073,0.568193,0.848174,0.483778,0.936013,1.69094,0.869217,
0.723927,0.295511,0.149915,0.129581,0.424525,0.162711,0.130574,1.02641,0.180072,0.125585,0.29465,0.106366,0.298575,0.192675,0.351982,0.39639,0.189003,0.113956,0.413859,0.964187,0.0814424,0.278787,0,0.160813,0.0463401,0.000439834,0.266603,0.16605,0.585361,0.0278503,0.197504,0.0320638,0.131592,0.0702673,0.286033,0.701908,0.707851,0.281278,0.074753,0.121064,0.465096,0.0830337,0.695284,0.911709,0.270666,0.225062,0.148717,0.489365,0.0230699,0.208076,0.13529,0.00617931,0.477434,0.635054,0.18968,0.840361,0.54326,0.537611,0.150372,0.0976074,0.926194,0.216533,0.0469465,0.169663,0.242854,0.493559,0.279966,0.146746,0.225393,0.115636,0.337577,0.110513,0.877157,0.888318,0.651354,0.594619,0.25389,0.0906951,0.24886,0.354698,0.255461,0.731652,0.179238,0.704828,0.172726,0.68018,0.0889508,0.828129,0.52522,0.545756,0.215687,0.491125,0.168187,0.324346,0.068259,0.294004,0.088901,0.224708,0.819624,0.377752,
0.424187,0.0682944,0.0769299,0.290338,0.115886,0.568387,0.551135,0.635692,0.336475,0.00500788,0.134752,0.408464,0.0293741,0.0886061,0.0512531,0.131503,0.266157,0.00416666,0.131124,0.40929,0.372487,0.813211,0.160813,0,0.240489,0.145884,0.34385,0.0305409,0.216099,0.20921,0.0298921,0.275667,0.390969,0.360926,0.188445,0.20857,0.266479,0.0314656,0.438931,0.22143,0.180484,0.0133319,0.270409,0.358498,0.0150444,0.227249,0.0693421,0.125513,0.27761,0.0641318,0.159255,0.127099,0.309157,0.326324,0.0418373,0.367821,0.258007,0.329518,0.199054,0.0281571,0.438998,0.258402,0.364789,0.578354,0.0244906,0.227804,0.170635,0.0731253,0.258099,0.0476559,0.0476368,0.144608,0.42168,0.33912,0.376137,0.25143,0.0221491,0.0119976,0.020348,0.0758713,0.13255,0.452764,0.00104015,0.210276,0.0254867,0.199367,0.0234485,0.289098,0.114023,0.224995,0.218542,0.369162,0.623958,0.0913255,0.0616338,0.236859,0.174473,0.0210372,0.328481,0.24666,
1.0419,0.277535,0.325564,0.0239391,0.40085,0.266091,0.178828,0.838999,0.394083,0.180998,0.520388,0.0240436,0.346496,0.384525,0.387757,0.616688,0.0657882,0.188711,0.368896,1.17691,0.0166014,0.301587,0.0463401,0.240489,0,0.0454051,0.108591,0.31418,0.530403,0.139178,0.348539,0.00836303,0.0245923,0.0159477,0.529074,0.807408,0.670558,0.312219,0.114468,0.0301946,0.392675,0.159543,0.644597,1.09628,0.361213,0.460395,0.117756,0.674104,0.0197333,0.38887,0.328916,0.0823501,0.769942,0.925917,0.182054,1.09432,0.81538,0.384385,0.354908,0.117083,0.843322,0.451129,0.044845,0.275598,0.269801,0.757006,0.182,0.3196,0.096249,0.108373,0.483643,0.0467361,1.15651,1.0637,0.497378,0.510241,0.290581,0.177838,0.287173,0.349306,0.476241,0.555267,0.250643,0.810279,0.184222,0.74747,0.199531,0.896008,0.639989,0.464476,0.447079,0.31366,0.208479,0.289981,0.0669604,0.164974,0.0236993,0.251866,1.04627,0.64753,
0.713053,0.27407,0.143211,0.125073,0.399112,0.179303,0.145784,0.993533,0.187337,0.111764,0.285809,0.110245,0.277301,0.185099,0.328823,0.382177,0.179623,0.101372,0.389012,0.936838,0.0852427,0.299958,0.000439834,0.145884,0.0454051,0,0.256335,0.155034,0.55632,0.0319304,0.185014,0.0345653,0.132379,0.0743781,0.281155,0.672638,0.67617,0.260342,0.0863212,0.113791,0.439392,0.0725285,0.66394,0.883154,0.251555,0.224994,0.134063,0.468954,0.0268671,0.198014,0.134419,0.00558932,0.471506,0.622254,0.172385,0.818366,0.530583,0.513436,0.151315,0.0850908,0.891446,0.218542,0.054332,0.186548,0.223281,0.48137,0.261881,0.13989,0.213573,0.102306,0.318985,0.100599,0.857202,0.859526,0.624087,0.565953,0.234007,0.0801327,0.229186,0.331223,0.248243,0.703762,0.163156,0.675505,0.156082,0.650074,0.0799553,0.795633,0.499853,0.518173,0.215463,0.470485,0.185196,0.302131,0.0582303,0.27767,0.0816116,0.205847,0.795515,0.372502,
1.37953,0.210635,0.602375,0.0324368,0.281635,0.676076,0.522366,0.433559,0.832989,0.272272,0.817434,0.133644,0.34871,0.666601,0.356064,0.851433,0.00753292,0.311967,0.233716,1.23832,0.145598,0.65981,0.266603,0.34385,0.108591,0.256335,0,0.522646,0.332907,0.456632,0.544154,0.172257,0.0789477,0.159503,0.880175,0.763291,0.457277,0.301431,0.421293,0.0298493,0.217228,0.305832,0.4216,1.12231,0.429058,0.851779,0.110662,0.808872,0.216965,0.635986,0.677717,0.323589,1.14644,1.22587,0.171881,1.25658,1.10487,0.133294,0.729918,0.185387,0.537217,0.861074,0.27348,0.690241,0.270347,1.04613,0.0641031,0.592427,0.00695288,0.140326,0.607676,0.0515291,1.36012,1.08012,0.208231,0.285019,0.297453,0.33392,0.298013,0.272157,0.786023,0.230694,0.333608,0.765391,0.20101,0.658343,0.393934,0.773603,0.655282,0.256272,0.833802,0.0731943,0.55676,0.196847,0.138629,0.0295748,0.0523543,0.260539,1.16323,1.0151,
0.263641,0.186326,0.0129642,0.415846,0.248742,0.476239,0.50277,0.896266,0.198111,0.0494522,0.0401687,0.48991,0.100755,0.0154257,0.136422,0.0568119,0.419176,0.0311652,0.277156,0.373007,0.442475,0.759667,0.16605,0.0305409,0.31418,0.155034,0.522646,0,0.379875,0.15626,0.00166391,0.322258,0.499567,0.42274,0.0686038,0.258767,0.42441,0.113906,0.409879,0.346095,0.347574,0.0327133,0.436806,0.346962,0.0499173,0.0977953,0.176466,0.0947009,0.305793,0.0067423,0.0633905,0.114847,0.154563,0.192929,0.140751,0.28714,0.139082,0.546485,0.0891704,0.0938586,0.63482,0.122641,0.379565,0.483304,0.105885,0.114264,0.33354,0.0116895,0.422765,0.134421,0.0406782,0.259443,0.315671,0.335259,0.601812,0.434313,0.0975665,0.0239952,0.0940264,0.190803,0.036733,0.694617,0.040877,0.260628,0.109183,0.27949,0.0138364,0.373964,0.148059,0.403021,0.0925472,0.592068,0.574364,0.222842,0.134045,0.415297,0.281894,0.100242,0.274393,0.107604,
0.86931,0.0552111,0.521941,0.446222,0.0165058,1.2575,1.16307,0.132319,1.01783,0.215284,0.580777,0.71412,0.093992,0.532124,0.0654484,0.47668,0.322014,0.256342,0.0171714,0.456242,0.701701,1.45314,0.585361,0.216099,0.530403,0.55632,0.332907,0.379875,0,0.755024,0.355991,0.642885,0.619841,0.708688,0.712061,0.152733,0.0110035,0.0844703,0.999686,0.356741,0.0134477,0.302586,0.00657289,0.365544,0.164452,0.821172,0.164148,0.325076,0.688255,0.456918,0.710166,0.570297,0.839938,0.729199,0.118665,0.56061,0.657793,0.0778239,0.785435,0.220612,0.0477888,0.882419,0.823277,1.27327,0.0991921,0.633578,0.115784,0.513329,0.265945,0.194509,0.25611,0.275676,0.665879,0.336493,0.0590735,0.00506001,0.101667,0.311287,0.105612,0.0376967,0.602985,0.0864314,0.187942,0.153101,0.136648,0.0916637,0.372219,0.12125,0.156344,0.00644428,0.807438,0.14807,1.24532,0.0431692,0.270728,0.168437,0.34498,0.109371,0.463698,0.779061,
0.583055,0.425521,0.108769,0.27075,0.566799,0.0972613,0.107332,1.28346,0.0689227,0.187861,0.222213,0.206558,0.383806,0.142092,0.449603,0.341217,0.355291,0.159777,0.568968,0.937777,0.170915,0.249625,0.0278503,0.20921,0.139178,0.0319304,0.456632,0.15626,0.755024,0,0.189392,0.0994861,0.257167,0.152061,0.189947,0.76123,0.870184,0.377361,0.0702276,0.261179,0.639722,0.122156,0.865926,0.909495,0.321451,0.121042,0.270771,0.47447,0.0730906,0.172163,0.0644241,0.0170492,0.345691,0.521008,0.303063,0.773423,0.444159,0.759461,0.0661075,0.180761,1.12202,0.106816,0.0842754,0.101386,0.338539,0.400253,0.453627,0.108045,0.402141,0.218697,0.347524,0.240989,0.785748,0.893705,0.879882,0.782558,0.343676,0.122637,0.33706,0.480808,0.182487,0.974712,0.236202,0.764259,0.27178,0.768362,0.100371,0.918882,0.57153,0.729725,0.115074,0.719641,0.14356,0.466872,0.158494,0.482627,0.212834,0.318586,0.778176,0.262139,
0.244932,0.178333,0.020714,0.446397,0.231925,0.529755,0.558023,0.866905,0.22753,0.0529605,0.0383879,0.534149,0.0886561,0.0198412,0.120888,0.0441712,0.441266,0.0357807,0.262923,0.328051,0.485841,0.824645,0.197504,0.0298921,0.348539,0.185014,0.544154,0.00166391,0.355991,0.189392,0,0.361442,0.539539,0.466148,0.0728379,0.221917,0.392623,0.103818,0.460195,0.370922,0.332776,0.041412,0.406711,0.302617,0.0393015,0.112075,0.183814,0.0718764,0.346076,0.00722901,0.0805173,0.142404,0.150443,0.174102,0.141196,0.251022,0.123259,0.538502,0.10853,0.102519,0.596933,0.140787,0.425712,0.53705,0.0991197,0.100716,0.337029,0.0194067,0.440314,0.143103,0.0261859,0.277988,0.280864,0.291495,0.586491,0.412877,0.0894228,0.031761,0.0862307,0.177383,0.0388118,0.678319,0.0384244,0.223639,0.109803,0.244051,0.0228563,0.331762,0.120484,0.384123,0.10697,0.592725,0.632691,0.214078,0.148973,0.423697,0.30554,0.0950282,0.236688,0.107868,
1.01832,0.355009,0.312821,0.0566106,0.493988,0.183013,0.111138,0.991315,0.323707,0.216711,0.506137,0.0219764,0.410864,0.371939,0.461341,0.623055,0.119494,0.216267,0.464013,1.23323,0.0114538,0.217503,0.0320638,0.275667,0.00836303,0.0345653,0.172257,0.322258,0.642885,0.0994861,0.361442,0,0.0384185,0.00766135,0.497218,0.890495,0.789456,0.378556,0.0614323,0.0700274,0.496192,0.179204,0.764796,1.16219,0.409631,0.412526,0.172911,0.709766,0.00281203,0.387387,0.291685,0.0661417,0.732863,0.914259,0.242392,1.12325,0.806655,0.497864,0.309092,0.154855,0.982365,0.395888,0.0147858,0.190996,0.331903,0.748069,0.262508,0.307933,0.159961,0.154192,0.519783,0.0909369,1.17333,1.13217,0.622378,0.626973,0.351975,0.195703,0.347494,0.431847,0.456998,0.686923,0.291587,0.893571,0.238547,0.840783,0.207289,0.998124,0.706884,0.576615,0.4005,0.418887,0.13588,0.373411,0.0996382,0.245088,0.0586575,0.311323,1.08797,0.612121,
1.32806,0.377158,0.517144,0.0164442,0.505113,0.336857,0.216869,0.837167,0.568644,0.312429,0.748866,0.00765847,0.490725,0.588701,0.527931,0.854994,0.0594377,0.329964,0.457129,1.43444,0.0131313,0.299966,0.131592,0.390969,0.0245923,0.132379,0.0789477,0.499567,0.619841,0.257167,0.539539,0.0384185,0,0.0190561,0.757595,1.00442,0.776793,0.444246,0.159262,0.0414818,0.463275,0.29652,0.740963,1.3396,0.528864,0.670664,0.191839,0.90433,0.0600609,0.592607,0.515479,0.191029,1.03035,1.20179,0.279058,1.36722,1.08053,0.392921,0.543025,0.22066,0.921643,0.654805,0.0744461,0.347039,0.395995,1.01609,0.216967,0.509814,0.0922617,0.195592,0.685964,0.0849323,1.43963,1.30208,0.51169,0.578107,0.424101,0.322074,0.421306,0.462128,0.697453,0.553903,0.398454,1.00733,0.292826,0.921408,0.355122,1.07357,0.836318,0.532508,0.655375,0.296083,0.234552,0.379925,0.149521,0.172921,0.0535243,0.376536,1.30745,0.893009,
1.17336,0.419182,0.413055,0.050457,0.564175,0.201195,0.113136,1.01362,0.403924,0.290968,0.627913,0.00437307,0.498342,0.479621,0.548364,0.754606,0.118023,0.294657,0.525296,1.38715,0.000620048,0.194362,0.0702673,0.360926,0.0159477,0.0743781,0.159503,0.42274,0.708688,0.152061,0.466148,0.00766135,0.0190561,0,0.615819,1.01335,0.866575,0.459301,0.069717,0.075925,0.549057,0.253589,0.836422,1.30945,0.507595,0.517503,0.217783,0.84232,0.0148047,0.496875,0.384574,0.117494,0.869649,1.06515,0.301543,1.28058,0.951538,0.517131,0.401394,0.21335,1.04795,0.495715,0.0183486,0.209321,0.408374,0.889217,0.289985,0.407562,0.161797,0.204802,0.635751,0.113048,1.33451,1.27695,0.647506,0.681174,0.432577,0.273971,0.428235,0.504764,0.573537,0.704565,0.376422,1.0165,0.303218,0.952118,0.290263,1.11373,0.825707,0.629884,0.504537,0.421466,0.13027,0.433208,0.145013,0.257017,0.0742054,0.386367,1.24077,0.740213,
0.11734,0.464782,0.0321731,0.701732,0.543741,0.437824,0.52892,1.34286,0.100428,0.228132,0.00961229,0.708801,0.313138,0.0198712,0.36662,0.0525162,0.744087,0.184992,0.590917,0.400486,0.646679,0.765753,0.286033,0.188445,0.529074,0.281155,0.880175,0.0686038,0.712061,0.189947,0.0728379,0.497218,0.757595,0.615819,0,0.424402,0.743385,0.342611,0.469095,0.633311,0.688765,0.176015,0.768179,0.413185,0.210808,0.0155375,0.442828,0.151589,0.45435,0.0344148,0.0341515,0.210579,0.0269259,0.0913467,0.395171,0.255067,0.0629934,0.95278,0.0379787,0.303128,0.997152,0.0304415,0.505228,0.44019,0.33428,0.0482171,0.673667,0.0347572,0.76384,0.372972,0.138428,0.535343,0.244306,0.413797,1.01624,0.79264,0.317139,0.156496,0.311277,0.463044,0.00545357,1.12778,0.211697,0.426356,0.342624,0.489162,0.114812,0.583731,0.298008,0.756462,0.0158102,1.00676,0.595333,0.519253,0.352599,0.775244,0.546625,0.326048,0.282542,0.0070052,
0.382638,0.192645,0.365396,0.812288,0.139285,1.30311,1.30835,0.471181,0.831007,0.258993,0.311716,1.06562,0.111257,0.339037,0.093784,0.190923,0.699308,0.269672,0.181637,0.0873145,1.02351,1.64838,0.701908,0.20857,0.807408,0.672638,0.763291,0.258767,0.152733,0.76123,0.221917,0.890495,1.00442,1.01335,0.424402,0,0.111133,0.135518,1.15498,0.688195,0.220328,0.322174,0.133459,0.0495941,0.113269,0.56843,0.360777,0.0759886,0.903535,0.274866,0.540122,0.628577,0.439571,0.29502,0.260478,0.145153,0.267404,0.429752,0.599512,0.336764,0.199959,0.638244,1.04491,1.31441,0.165552,0.265494,0.41118,0.36174,0.642952,0.35521,0.0984129,0.550598,0.206598,0.0389392,0.39153,0.211757,0.148173,0.310509,0.1503,0.139994,0.351872,0.44989,0.190146,3.73821e-06,0.24722,0.00833879,0.333605,0.0147387,0.0162996,0.215686,0.562355,0.559761,1.4069,0.20529,0.435388,0.524545,0.632709,0.17934,0.0937162,0.432257,
0.830423,0.10126,0.574657,0.584949,0.0420036,1.40833,1.32649,0.137156,1.10545,0.278442,0.602808,0.876491,0.122323,0.574571,0.0871353,0.475153,0.445039,0.319172,0.0511437,0.374206,0.860673,1.63388,0.707851,0.266479,0.670558,0.67617,0.457277,0.42441,0.0110035,0.870184,0.392623,0.789456,0.776793,0.866575,0.743385,0.111133,0,0.119766,1.1568,0.482589,0.0486211,0.374064,0.00123025,0.290646,0.1903,0.875026,0.246633,0.306037,0.834241,0.492922,0.778739,0.680689,0.841322,0.69715,0.183037,0.493727,0.637444,0.135515,0.856166,0.299934,0.0242756,0.944101,0.979518,1.42393,0.142782,0.620589,0.196227,0.566504,0.379872,0.277198,0.264013,0.385824,0.596497,0.264874,0.0988633,0.0247896,0.140791,0.37914,0.145339,0.0694262,0.63451,0.124887,0.235444,0.111139,0.199119,0.0591616,0.43908,0.0705747,0.137274,0.0322718,0.862472,0.227532,1.41452,0.0891618,0.366164,0.262412,0.465879,0.156535,0.398514,0.795652,
0.550469,0.0129642,0.198952,0.311644,0.0273784,0.803731,0.75696,0.404379,0.558809,0.0351035,0.256974,0.492157,0.00192837,0.209778,0.00456987,0.213366,0.247302,0.0503849,0.0379027,0.379055,0.464085,1.03802,0.281278,0.0314656,0.312219,0.260342,0.301431,0.113906,0.0844703,0.377361,0.103818,0.378556,0.444246,0.459301,0.342611,0.135518,0.119766,0,0.62157,0.232165,0.0682058,0.0746064,0.120906,0.311888,0.0197735,0.410906,0.0577721,0.150022,0.397272,0.164688,0.325307,0.253135,0.467663,0.43402,0.0215295,0.393589,0.363317,0.189967,0.380005,0.0529476,0.243925,0.454976,0.505891,0.816199,0.00168431,0.335021,0.103986,0.193215,0.219974,0.0555829,0.0750079,0.150691,0.468614,0.288437,0.211609,0.109596,0.000878161,0.0768974,0.0012796,0.0102402,0.264678,0.271252,0.0211036,0.136734,0.0178664,0.10658,0.107694,0.174515,0.0775523,0.0935219,0.400089,0.243764,0.83575,0.0230925,0.0946937,0.167574,0.197213,0.00360218,0.331058,0.404958,
0.988748,0.629793,0.344806,0.226776,0.804784,0.0351115,0.00846625,1.44275,0.20107,0.384432,0.524874,0.100649,0.646892,0.401496,0.720069,0.691887,0.3434,0.361849,0.781833,1.40971,0.0819513,0.0674362,0.074753,0.438931,0.114468,0.0863212,0.421293,0.409879,0.999686,0.0702276,0.460195,0.0614323,0.159262,0.069717,0.469095,1.15498,1.1568,0.62157,0,0.258321,0.835673,0.305291,1.13695,1.36781,0.602271,0.345528,0.396228,0.85375,0.0408804,0.44609,0.259001,0.101559,0.679872,0.921364,0.476042,1.23048,0.826483,0.865706,0.252595,0.331483,1.39636,0.309999,0.0173933,0.0386502,0.565691,0.769975,0.55113,0.343051,0.408933,0.352891,0.673861,0.289323,1.24567,1.34605,1.0157,0.996445,0.582812,0.316072,0.575626,0.71661,0.464619,1.0958,0.469718,1.15848,0.455908,1.13544,0.29974,1.30964,0.93572,0.935889,0.337529,0.768657,0.0193212,0.663663,0.265518,0.534136,0.233844,0.538927,1.23129,0.569133,
1.1221,0.17571,0.396602,0.00636117,0.267125,0.464245,0.348394,0.579069,0.570843,0.161292,0.591789,0.0711793,0.269992,0.454594,0.292837,0.647762,0.00787431,0.184637,0.231352,1.10276,0.0703406,0.497144,0.121064,0.22143,0.0301946,0.113791,0.0298493,0.346095,0.356741,0.261179,0.370922,0.0700274,0.0414818,0.075925,0.633311,0.688195,0.482589,0.232165,0.258321,0,0.237943,0.170713,0.454264,1.0052,0.315498,0.595275,0.060064,0.648526,0.0977229,0.437991,0.445562,0.16109,0.880226,0.985819,0.114373,1.07417,0.8717,0.207989,0.48716,0.0935223,0.612284,0.599707,0.146374,0.476433,0.198341,0.814717,0.0733201,0.388681,0.0190055,0.0690753,0.459997,0.00935012,1.15822,0.968307,0.29714,0.327956,0.220359,0.192339,0.219071,0.237046,0.557623,0.340452,0.220406,0.690618,0.128365,0.609235,0.233086,0.738129,0.554853,0.291839,0.579734,0.152988,0.385981,0.176211,0.0530019,0.0560332,0.00373951,0.185692,1.00264,0.756652,
0.921287,0.0281339,0.47825,0.312166,0.0129934,1.09621,0.989844,0.153329,0.928275,0.165808,0.569804,0.549892,0.0851032,0.49951,0.0645565,0.493441,0.207366,0.206388,0.00454296,0.563432,0.541125,1.25738,0.465096,0.180484,0.392675,0.439392,0.217228,0.347574,0.0134477,0.639722,0.332776,0.496192,0.463275,0.549057,0.688765,0.220328,0.0486211,0.0682058,0.835673,0.237943,0,0.242356,0.0381471,0.466365,0.156725,0.771459,0.0951935,0.363922,0.5413,0.432636,0.646093,0.46323,0.847683,0.775737,0.0701289,0.648842,0.692458,0.0397998,0.717826,0.153618,0.099735,0.823205,0.663157,1.11194,0.0735379,0.660462,0.0508798,0.46928,0.162271,0.124539,0.266352,0.174971,0.755158,0.434167,0.0413164,0.00919748,0.0808068,0.254819,0.084002,0.0266334,0.581204,0.0702178,0.156039,0.221097,0.0896823,0.150506,0.315696,0.20004,0.198534,0.00369048,0.756644,0.0852479,1.06474,0.0165898,0.185451,0.0882872,0.231416,0.0795889,0.551706,0.770947,
0.470783,0.108202,0.0595781,0.223597,0.181015,0.420532,0.401906,0.742699,0.252567,0.0079209,0.141062,0.300113,0.0772234,0.0796859,0.109515,0.169262,0.224932,0.00270585,0.190063,0.537724,0.265837,0.635585,0.0830337,0.0133319,0.159543,0.0725285,0.305832,0.0327133,0.302586,0.122156,0.041412,0.179204,0.29652,0.253589,0.176015,0.322174,0.374064,0.0746064,0.305291,0.170713,0.242356,0,0.373956,0.487364,0.0560968,0.186232,0.0661483,0.194696,0.176709,0.0673501,0.113263,0.0588779,0.316541,0.375762,0.0571666,0.46872,0.300584,0.375719,0.145659,0.0183858,0.565474,0.20611,0.246311,0.429599,0.05843,0.264664,0.181849,0.0560734,0.230306,0.0393386,0.0960366,0.110805,0.51679,0.467058,0.443003,0.332461,0.0594422,0.000679942,0.0565584,0.130461,0.128143,0.523198,0.0200443,0.324268,0.0392492,0.311404,0.00697924,0.419715,0.201282,0.29879,0.177434,0.39183,0.465832,0.134279,0.03495,0.235421,0.125915,0.0505505,0.435955,0.243438,
0.875168,0.0950924,0.588561,0.552631,0.0386858,1.3963,1.30625,0.118437,1.11699,0.277481,0.627423,0.842394,0.12654,0.592013,0.0911297,0.503268,0.413567,0.320392,0.0439883,0.414924,0.829155,1.60733,0.695284,0.270409,0.644597,0.66394,0.4216,0.436806,0.00657289,0.865926,0.406711,0.764796,0.740963,0.836422,0.768179,0.133459,0.00123025,0.120906,1.13695,0.454264,0.0381471,0.373956,0,0.327136,0.199654,0.894986,0.232711,0.333303,0.811913,0.510318,0.791699,0.673563,0.876505,0.737925,0.174875,0.53642,0.674265,0.111971,0.86987,0.292177,0.0223374,0.962559,0.955373,1.41219,0.142057,0.65524,0.175108,0.580029,0.349345,0.265883,0.28251,0.363349,0.642305,0.299824,0.0782537,0.0155459,0.141915,0.380831,0.14654,0.0671111,0.656936,0.101899,0.238964,0.133519,0.193418,0.075733,0.443493,0.09019,0.156891,0.0223611,0.881811,0.197469,1.39226,0.0811603,0.353263,0.235404,0.441322,0.155219,0.437993,0.825824,
0.243457,0.412165,0.432636,1.14346,0.345532,1.44883,1.50831,0.748627,0.866921,0.436434,0.313155,1.38293,0.26955,0.385402,0.255495,0.181493,1.03645,0.431398,0.409237,0.0057503,1.32776,1.85657,0.911709,0.358498,1.09628,0.883154,1.12231,0.346962,0.365544,0.909495,0.302617,1.16219,1.3396,1.30945,0.413185,0.0495941,0.290646,0.311888,1.36781,1.0052,0.466365,0.487364,0.327136,0,0.236899,0.574774,0.614695,0.0841777,1.15827,0.328096,0.595906,0.809426,0.357858,0.191024,0.486145,0.0441395,0.192393,0.742229,0.644336,0.55171,0.392318,0.647529,1.29754,1.45705,0.351241,0.205054,0.70854,0.431877,0.979599,0.592143,0.162555,0.842382,0.0786141,0.000659192,0.688585,0.450818,0.323282,0.464867,0.324663,0.33925,0.363765,0.757178,0.34474,0.0492446,0.457714,0.0955319,0.467404,0.081355,0.0818432,0.458666,0.573437,0.902533,1.61051,0.435886,0.674665,0.849857,0.930033,0.367529,0.0193671,0.384529,
